"c142fc59-1733-49b4-8695-a9cb78ce6df3/cache/frame_000_0902.dph"
1 0 0 0
0 1 0 0
0 0 1 0
0 0 0 1
"c142fc59-1733-49b4-8695-a9cb78ce6df3/cache/frame_001_0577.dph"
  0.987095 -0.0342359  -0.156431    24.5636
 0.0448236     0.9969  0.0646635     -14.35
  0.153732 -0.0708409    0.98557    22.6739
         0          0          0          1
"c142fc59-1733-49b4-8695-a9cb78ce6df3/cache/frame_002_0241.dph"
   0.91948  -0.156875   -0.36048    65.5146
  0.179695   0.983251  0.0304535    -2.2721
  0.349665 -0.0927778    0.93227    41.0919
         0          0          0          1


(this file is a truncated example for the kind of output that the tool will generate)
